79000194681
79000441782
79000444140
79001236598
79001989240
79002200841
79002941692
79003938232
79004363190
79005225454
79005293050
79005626274
79006400559
79006662011
79006740809
79006791657
79006812019
79009044284
79020423959
79021273234
79021273234
79021343311
79021347608
79021370783
79021376475
79021418881
79021603910
79021757308
79021782077
79021904649
79021925168
79021951522
79021954124
79021986360
79021997802
79022064215
79022090227
79022598722
79022700810
79023005005
79023640249
79023917504
79023959900
79024429235
79024528272
79024729963
79024738913
79024740548
79024960886
79025199909
79025213016
79025269045
79025656162
79025787848
79025845059
79026207733
79026499340
79026829665
79027686227
79027902958
79027925528
79028067664
79028091138
79028129128
79028164383
79028274171
79028332517
79028343433
79028506797
79028550437
79028610654
79028769877
79028779795
79028930646
79029233905
79029262372
79029417816
79029461100
79029479778
79029649714
79029902615
79029967094
79029989285
79030005879
79030020082
79030741212
79030836807
79030914144
79030939687
79031257820
79031362727
79031373957
79031436728
79031517345
79031733465
79031911665
79031927010
79031996311
79032014277
79032221350
79032271768
79032351073
79032357612
79032451555
79032623274
79032688865
79032766732
79032817868
79032834341
79033080222
79033249675
79033270939
79033444343
79033681969
79033725347
79033922804
79034027228
79034083555
79034195195
79034216073
79034260992
79034919455
79035030235
79035293939
79035415644
79035423647
79035433822
79035470157
79035573535
79035659090
79035745804
79035845840
79036488426
79036871526
79036887459
79037096029
79037175769
79037212415
79037279713
79037346114
79037375394
79037415761
79037664885
79037708183
79037980581
79038374111
79038391238
79038510902
79038535910
79038812883
79038929756
79038974161
79039328465
79039437586
79039487725
79039494423
79039593593
79039693145
79039715245
79039727171
79039771752
79039893768
79039903711
79039904644
79039937391
79040198244
79040319734
79040455756
79040793703
79040815631
79040815631
79041003934
79041005925
79041064997
79041065558
79041073880
79041137303
79041168866
79041284084
79041333801
79041338022
79041431111
79041533004
79041544805
79041765244
79042126500
79042232367
79042288620
79042326896
79042537314
79042731102
79042872071
79042873764
79043075782
79043193637
79043208416
79043218910
79043257203
79043501535
79043782605
79043933282
79043940986
79044115643
79044446184
79044637315
79044808051
79044917651
79045043326
79045160225
79045290955
79045366274
79045530674
79045725102
79045762048
79045936985
79045944616
79045998149
79046035252
79046059933
79046079262
79046449157
79046798531
79047556693
79048675869
79048725392
79048794070
79048868193
79048912724
79048976788
79049160012
79049266672
79049685852
79049742088
79049861447
79050166727
79050254567
79050767218
79050811525
79051324819
79051365534
79051434433
79051460651
79051659580
79051903233
79052338874
79052417641
79052874740
79052930176
79053233069
79053420556
79053445706
79053768907
79053822189
79053845557
79053994487
79054361040
79054631884
79054650435
79054722164
79054741180
79054929605
79054993938
79055078711
79055467069
79055570753
79055579741
79055642527
79055764799
79055775509
79055854052
79055918772
79055955283
79055964759
79056004999
79056166647
79056361200
79056366041
79056374303
79056461686
79056509709
79056607252
79056643620
79056956361
79057158884
79057179434
79057198296
79057221890
79057701501
79057788261
79057831703
79058113722
79058342834
79058461808
79058510088
79058511291
79058694498
79058994221
79059044415
79059276853
79059618537
79059624151
79059855940
79060359772
79060380786
79060527936
79060660897
79060864141
79061092140
79061141266
79061262001
79061483085
79061622111
79061858838
79061871242
79062064954
79062071471
79062193801
79062375902
79062671107
79062837288
79062869013
79062927092
79063196510
79063478107
79063729597
79063871752
79064037257
79064051380
79064138378
79064179651
79064322903
79064559813
79064615887
79064674546
79064722242
79064924720
79064940036
79065553262
79066040303
79067387590
79067658170
79067711350
79067781021
79067833890
79068079475
79068261505
79068331034
79068453505
79068849631
79069119931
79069497362
79069760939
79080314475
79080321364
79080330341
79080788644
79081322725
79081399732
79081421638
79081594815
79081991036
79082074804
79082080206
79082116500
79082120940
79082258064
79082406525
79082619484
79082625009
79082757314
79082802601
79082926483
79082950854
79083128384
79083275111
79083866243
79084139243
79084568585
79084717325
79084787051
79085596325
79085771307
79085829838
79085947540
79085998038
79086056949
79086174837
79086402683
79086435640
79086496661
79086498817
79086580254
79086608118
79086642278
79086643410
79086686839
79087324126
79087561275
79087733846
79087902279
79087923830
79087989600
79088003423
79088050682
79088052545
79088471401
79088543503
79088717178
79088773080
79088855139
79088859689
79088966353
79088969834
79089032550
79089064788
79089513606
79089825199
79089902252
79089933900
79090058541
79090188866
79090420331
79090623634
79090925661
79090984406
79090991564
79091001010
79091003550
79091008996
79091772589
79091997164
79092348449
79092444540
79092729398
79093198878
79093368468
79093500174
79093602434
79093664918
79093686335
79093725671
79093726336
79093759806
79093944547
79093950182
79094571199
79094792768
79094917313
79094920507
79095278867
79095421946
79095550390
79095613244
79095837525
79096146267
79096234051
79096323980
79096338692
79096721434
79097867289
79097933011
79098193369
79098315455
79098415477
79098563208
79098623233
79098822560
79098858137
79098881214
79098902254
79099007012
79099059496
79099081222
79099279357
79099424008
79099572267
79099695992
79099844693
79100010001
79100767726
79100768346
79100900021
79100979316
79101349216
79101412523
79101566761
79101666654
79102114118
79103016826
79103182056
79103278926
79103328377
79104022525
79104622874
79104705426
79105064947
79105138377
79105150477
79105264646
79105281413
79105352550
79105675667
79105834067
79105907770
79105929493
79106081057
79106117688
79106219169
79106223407
79106576824
79107054296
79107229241
79107251374
79107486548
79107591616
79107640628
79107727272
79107911741
79107974912
79108299468
79108381993
79108456745
79108640662
79108953922
79109069405
79109104934
79109113893
79109149467
79109173274
79109173274
79109878266
79110029184
79110190150
79110611297
79111237464
79111540867
79111929817
79111980434
79112110721
79112133954
79112186593
79112817000
79112866021
79113020075
79113265789
79113430407
79113521400
79113629080
79113631000
79113922353
79114028646
79114036977
79114473775
79114611405
79114624319
79114753460
79114765869
79114907416
79114985547
79115013091
79115203022
79115498829
79115512534
79115519650
79115570000
79115571361
79115596413
79115651970
79115711196
79115782792
79116058280
79116484351
79116547486
79116559897
79116599706
79116613812
79116816272
79117035663
79117156867
79117284299
79117412755
79117437575
79117657421
79117774787
79117774787
79117836243
79117908380
79118262329
79118421139
79118423010
79118522636
79119149968
79119317401
79119404872
79119653893
79119672036
79119887369
79120316499
79120717968
79120863374
79121075098
79121117790
79121245156
79121255905
79121261295
79121483798
79121488998
79121619024
79121730300
79121993397
79122089008
79123166716
79123631523
79123856243
79123938328
79124113538
79124450940
79124462210
79124673276
79124707787
79124862646
79124921999
79125485406
79125515891
79125540818
79125552723
79125561356
79125575353
79125588745
79125885844
79126112858
79126317234
79126335792
79126748220
79126905177
79127380404
79127454562
79127700454
79128143812
79128150841
79128466966
79128648058
79128747702
79128921719
79129079559
79129111584
79129138472
79129207539
79129233309
79129268828
79129359750
79129382783
79129580333
79129581265
79129592559
79129781122
79130003726
79130470353
79130507245
79130569823
79130582372
79131611048
79131803801
79131852647
79131968816
79132039504
79132061176
79132192689
79132302462
79132404131
79132457887
79132487606
79132495757
79132553171
79132553171
79132665007
79132990534
79133238888
79133500707
79133593133
79133607709
79133607709
79133607709
79133688696
79133688696
79133727850
79133799573
79133867424
79134051822
79134409121
79134477852
79134495694
79134723262
79134962415
79134974266
79134983548
79134999408
79135027877
79135222220
79135259834
79135318150
79135357181
79135438367
79135457080
79135555551
79135575025
79135596280
79135597297
79136998589
79137036580
79137126739
79137220355
79137743103
79137896931
79138253789
79138302856
79138458501
79138561264
79138748343
79138800704
79138918233
79139016828
79139030396
79139072227
79139212187
79139351228
79139596177
79139660537
79139671197
79139691373
79139701452
79139718473
79139983618
79140003610
79140056465
79140092784
79140262760
79140316243
79140324080
79140365150
79140496986
79140624353
79140820650
79140944321
79141006215
79141130100
79141158610
79141263807
79141500911
79141711500
79141791015
79142194179
79142218262
79142222824
79142224943
79142230001
79142262285
79142345789
79142420987
79142528008
79142556128
79142637047
79142665900
79142685729
79142685729
79142701536
79142789770
79142859737
79142866803
79143141448
79143181861
79143428526
79143555359
79144100748
79144303049
79144639987
79144641199
79144731154
79144918848
79145220284
79145273841
79145283408
79145283408
79145405441
79145479994
79145665291
79145701909
79145730642
79145895668
79146173446
79146456933
79146500666
79146598734
79146659000
79146892051
79147459020
79147558394
79147560390
79147561485
79147577924
79147626392
79147727228
79148225969
79148246958
79148326124
79148495015
79148511815
79148608062
79148873264
79149133371
79149197762
79150056460
79150176879
79150670280
79150750635
79150898913
79151015100
79151230257
79151268737
79151298333
79151500509
79151525169
79151702047
79152022861
79152110212
79152210244
79152673188
79152766472
79152950373
79153437960
79153667815
79153957905
79154084580
79154141607
79154401888
79155431553
79155503622
79155725509
79155845860
79156205556
79156259015
79156260342
79156644084
79156755393
79156859858
79156896989
79157320041
79157545064
79157570709
79157659147
79158125726
79158128204
79158145814
79158340373
79158458965
79159100135
79159891255
79159937507
79159963180
79160302863
79160381661
79160389323
79160396014
79160425358
79160696921
79160775628
79160828482
79161056752
79161169919
79161286664
79161329472
79161600760
79161662771
79161704098
79161752044
79161847765
79161899834
79161914214
79162122100
79162122100
79162298302
79162424141
79162641396
79163099799
79163101286
79163309617
79163629194
79163891122
79163978071
79164149763
79164155391
79164317687
79164432632
79164461729
79164466206
79164641898
79164700392
79164993901
79165184752
79165362220
79165387443
79165408045
79165513164
79165584040
79165692883
79165823644
79165892607
79166025088
79166159296
79166275603
79166325822
79166354245
79166512418
79166524118
79166531228
79166534668
79166563655
79166579135
79166585685
79166592453
79166960523
79167308337
79167358767
79167575591
79167652861
79167775125
79167877564
79168042797
79168214711
79168609893
79168866848
79169011416
79169036625
79169131223
79169350400
79169400625
79169790575
79169834025
79169963180
79169998994
79170174418
79170693310
79170725145
79171021172
79171921835
79172172051
79172207775
79172209837
79172220055
79172282320
79172362782
79172433544
79172650034
79172777122
79172777122
79173507209
79173956589
79174369296
79174547224
79175168284
79175346557
79175591970
79176242001
79176420489
79176509708
79176623296
79177166577
79177243863
79177673104
79177904497
79177960081
79178053626
79178077132
79178087787
79178177458
79178244680
79178493305
79178702513
79178772922
79179304317
79179331664
79179337914
79179503275
79179827855
79179850155
79179940211
79179976484
79179989847
79180030327
79180099227
79180239421
79180283988
79180486302
79180489309
79180771512
79181012732
79181017147
79181236762
79181297607
79181341212
79181644363
79181713413
79181721902
79181747264
79182139512
79182182009
79182651520
79182654579
79183014306
79183080903
79183085875
79183093775
79183133928
79183180097
79183333503
79183637798
79183639616
79183798547
79184007058
79184013711
79184037251
79184150512
79184333989
79184344221
79184419490
79184444294
79184446769
79184457335
79184575867
79184590768
79184626777
79184663016
79184772939
79184780474
79184836613
79184881155
79184909949
79184927504
79185419725
79185611361
79185678074
79186003887
79186168129
79186371193
79186420714
79186510700
79186653575
79186731455
79186953113
79187287812
79187424260
79187662520
79187752107
79187793818
79187903757
79187947244
79188345133
79188768800
79189185500
79189209115
79189663955
79189873420
79189933993
79189947794
79190061956
79190121376
79190186440
79191011100
79191053636
79191399930
79191431667
79191529263
79191708998
79192022086
79192048580
79192165625
79193281929
79193408380
79193585099
79194372306
79194451784
79194548270
79194972879
79195550847
79195594865
79195682802
79195799022
79195863031
79196021674
79196544224
79196701538
79196701538
79196754405
79196893752
79197300484
79197742941
79197794156
79198530996
79198797042
79199111421
79199115429
79199231680
79199407936
79199485507
79199573907
79200009569
79200053053
79200162266
79200163580
79200279173
79200345533
79200681274
79200845530
79201023036
79201069171
79201080027
79201296042
79201347064
79202032356
79202378138
79202664987
79203153130
79203441669
79203608085
79203633016
79203766646
79203805777
79203893213
79204764383
79204819908
79205201872
79205276353
79205514308
79205683333
79205684101
79205823091
79205837891
79205881488
79206064748
79206235980
79206307503
79206576361
79206756526
79206927719
79207036669
79207348750
79207705712
79207724133
79208317808
79208656550
79208878812
79209005074
79209032503
79209041474
79209144443
79209168606
79209382017
79209455118
79209701990
79209711981
79210010377
79210119300
79210119399
79210410678
79210513047
79211038055
79211063334
79211096462
79211386228
79211493675
79211511374
79211540077
79211550255
79211649683
79211732424
79211763999
79212036698
79212102201
79212204254
79212303332
79212310199
79212328365
79212462197
79212508265
79212521244
79212725065
79212742102
79212763373
79212785812
79212916047
79212927028
79212929296
79213060000
79213134202
79213239438
79213341601
79213425542
79213495284
79213562778
79213623916
79213887763
79213923812
79214157939
79214185405
79214429566
79214443491
79214523894
79214649440
79214875216
79215242677
79215246808
79215260173
79215263166
79215263166
79215298662
79215425242
79216008280
79216447111
79216485295
79216652526
79216732679
79217070332
79217213798
79217234302
79217340526
79217376777
79217398484
79217724938
79217796169
79218665193
79218682631
79218765011
79219097859
79219271056
79219277300
79219351638
79219505493
79219522948
79219551959
79219576246
79219800666
79220000000
79220154383
79220259876
79220517904
79220638068
79220647101
79220771607
79220850883
79221103218
79221487731
79221512251
79222140003
79222401166
79222500333
79222526949
79222667070
79222687877
79222843929
79222849459
79222863255
79223110031
79223128412
79223191585
79223232232
79223236067
79223409405
79223433599
79224383640
79224423007
79224433335
79224519551
79224584886
79224589994
79224621712
79224836341
79224845885
79224896484
79225347600
79226046067
79226255203
79226339786
79226514941
79226527247
79226537765
79226542363
79226558224
79226682275
79226767446
79226870015
79227057009
79227081848
79227511448
79227571111
79227874133
79227924400
79227932707
79228116575
79228121301
79228213613
79228362020
79228740489
79228788119
79228863110
79228900876
79229107595
79229429287
79231142564
79231463041
79231630877
79231646744
79232129444
79232141765
79232142639
79232150000
79232665371
79232810030
79232960619
79233378845
79233474062
79233632293
79233746820
79233777718
79233817192
79233933055
79233934649
79234019213
79234313195
79234710103
79234787838
79235061278
79235108545
79235119885
79235269049
79235380881
79235603299
79235948884
79235972292
79236051385
79236056337
79236133358
79236139008
79236250932
79237104845
79237181409
79237227946
79237243873
79237858565
79237954228
79241067977
79241077744
79241152056
79241238525
79241300774
79241429090
79241608789
79241619323
79241690243
79241820558
79241921054
79241950624
79241975438
79242160635
79242273991
79242279174
79242539257
79242721000
79242764541
79242836341
79242874001
79243006097
79243227194
79243302335
79243621227
79243643578
79243662929
79243698971
79243763633
79243880888
79243900419
79243986537
79244645454
79244693947
79244699266
79244731020
79244752285
79245074717
79245084345
79245303330
79245332658
79245704851
79245759197
79245796777
79245981170
79245992799
79246064000
79246107801
79246124393
79246643861
79246678932
79246682281
79246952442
79247049284
79247077178
79247083969
79247605473
79247720000
79247739009
79247743002
79247805958
79247829248
79247859751
79247860434
79247894228
79247918447
79248441399
79248637794
79248664351
79248689431
79248709998
79248721668
79248936199
79248936199
79250037418
79250318051
79250605277
79250667630
79250698839
79250836195
79250929999
79251176580
79251292161
79251415334
79251595139
79251885250
79252003023
79252239288
79252274888
79252860140
79253106929
79253285851
79253608965
79253775718
79253814318
79253814318
79254353434
79254611329
79254636650
79254820101
79254989322
79255026300
79255129903
79255183053
79255230414
79255502843
79255897855
79256176000
79256176368
79257619651
79257722360
79257817372
79258226038
79258302527
79258840286
79259185852
79259245508
79260125546
79260219871
79260355675
79260551888
79260647356
79260730717
79260798828
79260878078
79260882477
79260903300
79261152266
79261208331
79261218690
79261261070
79261270056
79261303188
79261307957
79261516699
79261536102
79261569844
79261694095
79261694095
79261985698
79262078400
79262109828
79262123728
79262189197
79262313351
79262355558
79262487801
79262550089
79262683149
79262693060
79262737042
79262775533
79262898911
79262958056
79263127137
79263305386
79263438778
79263513492
79263603322
79263635882
79263652159
79263656568
79263810380
79263861261
79263880479
79263882228
79264020757
79264142487
79264496840
79264594774
79264691633
79265213711
79265287565
79265289884
79265308113
79265309365
79265410419
79265449909
79265668196
79265678222
